Time: 20230624_114757 
Machine: perlmutter
Resolution: 512x512
Horizontal cells: 262144
Run duration: ['00', '10', '00']
Run time in sec: 600
cores per node:  32
Format: #Procs|Sample Halo times|Average 
 4096   0.018520   0.018820   0.014010   0.019590   0.016820   0.017160   0.018380   0.019730   0.019800   0.017100     0.017993
 2048   0.027810   0.025440   0.020200   0.028820   0.017280   0.029730   0.025280   0.026940   0.027810   0.032800     0.026211
 1024   0.038530   0.035490   0.038230   0.046710   0.037720   0.045720   0.042020   0.053300   0.037210   0.053360     0.042829
  512   0.106800   0.092680   0.089380   0.109980   0.183280   0.114570   0.088200   0.095380   0.097800   0.161890     0.113996
  256   0.228340   0.193920   0.249230   0.276730   0.212280   0.150410   0.242910   0.266410   0.285140   0.262530     0.236790
  128   0.311870   0.506740   0.332900   0.394410   0.484120   0.346690   0.541600   0.287890   0.287490   0.560190     0.405390
   64   0.638150   0.874740   0.677950   0.495380   0.764070   0.546010   0.952520   0.415530   0.954520   0.788820     0.710769
