Time: 20230624_143533 
Machine: perlmutter
Resolution: 512x512
Horizontal cells: 262144
Run duration: ['00', '10', '00']
Run time in sec: 600
cores per node:  64
Format: #Procs|Sample Halo times|Average 
 4096   0.033480   0.031230   0.028840   0.023650   0.027070   0.030290   0.034640   0.033600   0.029000   0.031340     0.030314
 2048   0.055440   0.040730   0.045880   0.031740   0.037690   0.051230   0.038560   0.039740   0.055350   0.077920     0.047428
 1024   0.076640   0.102180   0.064140   0.139620   0.115430   0.121130   0.090480   0.092000   0.093490   0.115410     0.101052
  512   0.179110   0.189400   0.241430   0.281640   0.231050   0.157090   0.207060   0.268690   0.215150   0.163060     0.213368
  256   0.350270   0.259640   0.480570   0.365830   0.451160   0.355610   0.406020   0.437830   0.417510   0.416800     0.394124
  128   0.637430   0.608440   0.882470   0.976170   0.768050   1.097430   0.825740   0.766880   0.800000   1.173480     0.853609
   64   1.518730   1.729340   1.013730   1.416170   1.145750   1.385050   1.329240   1.113960   1.070950   1.481510     1.320443
