Time: 20230624_125533 
Machine: perlmutter
Resolution: 512x512_block
Horizontal cells: 262144
Run duration: ['00', '10', '00']
Run time in sec: 600
cores per node:  64
Format: #Procs|Sample Halo times|Average 
  256   0.495950   0.393260   0.382100   0.336720   0.365250   0.389400   0.341890   0.402630   0.431280   0.302240     0.384072
  128   0.620900   0.899870   0.479560   0.557220   0.814420   0.650040   0.403390   0.637820   0.785130   0.798190     0.664654
   64   0.823680   1.030100   1.212310   1.039240   0.858560   0.805820   1.165860   1.157810   0.790650   0.845800     0.972983
   32   1.822440   1.195490   1.169900   0.932240   0.894670   1.677120   1.193930   0.827860   0.719260   1.072870     1.150578
   16   0.854840   1.475300   0.768820   0.614490   1.032580   1.112120   0.528540   0.707910   0.475550   0.500300     0.807045
    8   0.983370   0.798070   0.822320   0.913270   0.785510   0.266810   0.306850   0.654780   0.985550   0.325910     0.684244
    4   0.368600   0.646860   0.368720   0.305670   0.783180   0.227390   0.428990   0.595500   0.393900   0.414880     0.453369
    2   0.144080   0.116540   0.084840   0.157840   0.116880   0.165450   0.131910   0.179540   0.246440   0.168590     0.151211
    1   0.000190   0.000310   0.000150   0.000180   0.000180   0.000170   0.000150   0.000280   0.000150   0.000190     0.000195
