Time: 20230624_114757 
Machine: perlmutter
Resolution: 512x512
Horizontal cells: 262144
Run duration: ['00', '10', '00']
Run time in sec: 600
 cores per node:  32
Format: #Procs|Sample Run times|Average 
 4096   0.034340   0.034630   0.029810   0.035440   0.032640   0.032990   0.034190   0.035540   0.035620   0.032910     0.033811
 2048   0.056130   0.053740   0.048500   0.057190   0.045630   0.058090   0.053520   0.055340   0.056070   0.061110     0.054532
 1024   0.092230   0.089210   0.092240   0.100330   0.092060   0.099710   0.095780   0.107170   0.091600   0.107630     0.096796
  512   0.221470   0.203020   0.204250   0.223670   0.299070   0.227540   0.199230   0.206020   0.209840   0.273760     0.226787
  256   0.461380   0.433960   0.478530   0.507840   0.450020   0.383060   0.476950   0.509950   0.534150   0.497620     0.473346
  128   0.807330   1.026300   0.863920   0.968420   0.978120   0.843310   1.033940   0.785870   0.814910   1.089390     0.921151
   64   1.687120   1.935670   1.689020   1.563560   1.904140   1.673680   2.075770   1.420490   2.008910   1.923470     1.788183
