Time: 20230624_125533 
Machine: perlmutter
Resolution: 512x512_block
Horizontal cells: 262144
Run duration: ['00', '10', '00']
Run time in sec: 600
 cores per node:  64
Format: #Procs|Sample Run times|Average 
  256   0.815850   0.727340   0.654260   0.644370   0.670180   0.712330   0.654790   0.700110   0.718850   0.611930     0.691001
  128   1.322030   1.517340   1.159880   1.194570   1.424050   1.352950   1.125250   1.439210   1.417000   1.485230     1.343751
   64   2.573400   2.731020   2.998500   2.545090   2.351760   2.257140   2.540570   2.760660   2.298380   2.644030     2.570055
   32   4.249770   3.519660   3.335240   3.247360   3.051110   4.196070   3.320030   3.028310   2.710110   3.224780     3.388244
   16   4.280580   5.178720   4.280040   3.975780   4.663490   4.909350   3.946700   4.518210   4.047870   4.053470     4.385421
    8   7.320980   6.886500   7.016440   6.969040   7.099600   6.292830   6.253210   6.610330   7.027280   6.272750     6.774896
    4  12.018690  12.594730  12.102800  12.450680  12.829110  11.791120  12.288630  12.339370  12.094820  12.118220    12.262817
    2  22.858430  22.857850  22.731350  22.875980  22.867270  22.856960  22.815800  24.322190  23.010520  24.300630    23.149698
    1  45.308010  45.273000  45.456750  46.445700  45.384040  45.412530  45.334520  45.260170  45.446220  45.270610    45.459155
