Time: 20230624_143533 
Machine: perlmutter
Resolution: 512x512
Horizontal cells: 262144
Run duration: ['00', '10', '00']
Run time in sec: 600
 cores per node:  64
Format: #Procs|Sample Run times|Average 
 4096   0.050940   0.048650   0.046040   0.041020   0.044290   0.047850   0.052120   0.050990   0.046560   0.048890     0.047735
 2048   0.086700   0.071890   0.077910   0.062120   0.069050   0.082280   0.069550   0.070690   0.086760   0.109680     0.078663
 1024   0.142670   0.167250   0.127190   0.204100   0.177790   0.186510   0.157060   0.158510   0.158220   0.181250     0.166055
  512   0.327660   0.329950   0.373590   0.410390   0.367640   0.297360   0.346640   0.416320   0.346430   0.295850     0.351183
  256   0.663530   0.574670   0.754230   0.711940   0.743890   0.658220   0.719390   0.723060   0.707120   0.724580     0.698063
  128   1.280990   1.390370   1.528330   1.649970   1.362040   1.819180   1.514930   1.358250   1.425180   1.833870     1.516311
   64   3.222640   3.230760   2.553290   2.892320   2.919810   3.116830   2.978820   2.560580   2.532290   3.209630     2.921697
