Time: 20221223_064811 
Machine: cori-haswell
Resolution: 128x128
Horizontal cells: 16384
Run duration: ['00', '10', '00']
Run time in sec: 600
cores per node:  32
Format: #Procs|Sample Run time|Average 
 2048   0.016070   0.015310   0.015820   0.015670   0.018050   0.015750   0.015760   0.015780   0.015260   0.015700   0.015740   0.015840     0.015896
 1024   0.020370   0.021030   0.020830   0.020940   0.021380   0.020550   0.020970   0.021860   0.021420   0.020970   0.020990   0.020430     0.020978
  512   0.025510   0.027500   0.025720   0.025050   0.025520   0.025060   0.026520   0.025460   0.025670   0.025600   0.054580   0.025140     0.028111
  256   0.017200   0.017090   0.018100   0.016160   0.020490   0.015690   0.016390   0.029900   0.018250   0.017510   0.016800   0.020300     0.018657
  128   0.027840   0.026820   0.027580   0.026540   0.025290   0.026000   0.026730   0.031250   0.030700   0.028680   0.026640   0.036420     0.028374
   64   0.061310   0.045500   0.051980   0.041430   0.049310   0.056710   0.057540   0.038330   0.059200   0.052340   0.047930   0.044680     0.050522
   32   0.077310   0.049260   0.055970   0.047640   0.061160   0.051350   0.064510   0.057760   0.080480   0.074890   0.109740   0.073030     0.066925
   16   0.066140   0.169080   0.070740   0.068310   0.069030   0.111960   0.063440   0.064060   0.069710   0.068720   0.073260   0.069390     0.080320
    8   0.056550   0.055170   0.056260   0.060740   0.052550   0.052990   0.074350   0.058960   0.056970   0.061530   0.055750   0.053350     0.057931
    4   0.087600   0.074250   0.066640   0.063690   0.083190   0.077890   0.076270   0.083540   0.061700   0.069100   0.062130   0.071650     0.073137
    2   0.025880   0.032360   0.032520   0.021300   0.030730   0.024850   0.026960   0.033630   0.034600   0.035760   0.041540   0.034570     0.031225

