Time: 20221223_064811 
Machine: cori-haswell
Resolution: 128x128
Horizontal cells: 16384
Run duration: ['00', '10', '00']
Run time in sec: 600
 cores per node:  32
Format: #Procs|Sample Run time|Average 
 2048   0.017300   0.016720   0.017110   0.017040   0.018440   0.017180   0.017150   0.017000   0.016660   0.017030   0.017200   0.017110     0.017162
 1024   0.023280   0.023540   0.023580   0.023450   0.023740   0.023380   0.023410   0.024520   0.024490   0.023470   0.023500   0.023270     0.023636
  512   0.034140   0.035020   0.034270   0.034020   0.034240   0.034070   0.034510   0.033960   0.034290   0.033970   0.048580   0.033740     0.035401
  256   0.042270   0.042880   0.042760   0.041900   0.046160   0.041740   0.041940   0.050650   0.044000   0.042780   0.042840   0.045850     0.043814
  128   0.083260   0.084710   0.084650   0.082950   0.082500   0.083580   0.082900   0.086010   0.086370   0.085490   0.082670   0.087830     0.084410
   64   0.178210   0.169590   0.168990   0.168050   0.171740   0.176590   0.173450   0.167530   0.177750   0.174380   0.168540   0.169920     0.172062
   32   0.340580   0.330150   0.330910   0.331180   0.330860   0.331360   0.336800   0.330390   0.333490   0.331920   0.347160   0.332410     0.333934
   16   0.632810   0.656350   0.633420   0.635370   0.633170   0.660090   0.646190   0.638680   0.636150   0.637300   0.632560   0.637480     0.639964
    8   0.849360   0.845050   0.844710   0.848170   0.844520   0.842220   0.856760   0.850100   0.847520   0.850470   0.849260   0.846160     0.847858
    4   1.340480   1.333220   1.328780   1.322990   1.330250   1.332930   1.331660   1.337470   1.320240   1.321310   1.321580   1.328340     1.329104
    2   2.333920   2.320510   2.338100   2.327810   2.339770   2.320020   2.335910   2.337500   2.334960   2.329630   2.338310   2.336530     2.332747

