Time: 20221223_073949 
Machine: cori-haswell
Resolution: 256x256
Horizontal cells: 65536
Run duration: ['00', '10', '00']
Run time in sec: 600
cores per node:  32
Format: #Procs|Sample Run time|Average 
 2048   0.029670   0.029900   0.029690   0.030110   0.030180   0.030320   0.030660   0.030350   0.029660   0.029650   0.030070   0.030210     0.030039
 1024   0.017540   0.018320   0.016880   0.017730   0.018210   0.018160   0.018800   0.017410   0.018280   0.018040   0.018610   0.019220     0.018100
  512   0.026780   0.026150   0.026540   0.029660   0.029790   0.039240   0.027450   0.027170   0.027780   0.029270   0.027840   0.026830     0.028708
  256   0.047280   0.049400   0.048370   0.049850   0.050610   0.045650   0.047910   0.044080   0.048230   0.050930   0.045360   0.048160     0.047986
  128   0.099090   0.099190   0.111890   0.103580   0.097930   0.108190   0.103690   0.093210   0.116570   0.106520   0.101660   0.108090     0.104134
   64   0.152840   0.159350   0.134650   0.104830   0.134150   0.215800   0.107630   0.117670   0.147050   0.130580   0.223250   0.140160     0.147330
   32   0.282960   0.297360   0.257840   0.274490   0.265930   0.223120   0.278050   0.230800   0.230490   0.285130   0.254740   0.263770     0.262057
   16   0.154520   0.184060   0.174660   0.284330   0.207300   0.155900   0.163760   0.162900   0.146730   0.174950   0.175720   0.157910     0.178562
    8   0.314120   0.175290   0.174970   0.208650   0.200410   0.189960   0.176770   0.217220   0.165980   0.234090   0.190000   0.168800     0.201355
    4   0.205360   0.194930   0.196320   0.193040   0.185700   0.257500   0.177310   0.203030   0.140270   0.362840   0.201810   0.185070     0.208598
    2   0.036210   0.027080   0.046560   0.043180   0.060040   0.112380   0.092120   0.128870   0.179890   0.122350   0.062790   0.130370     0.086820

