Time: 20230528_121636 
Machine: perlmutter
Resolution: 64x64
Horizontal cells: 4096
Run duration: ['00', '10', '00']
Run time in sec: 600
cores per node:  32
Format: #Procs|Sample Halo times|Average 
  256   0.026470   0.012550   0.012560   0.012470   0.012110   0.012820   0.012870   0.013030   0.012350   0.012380     0.013961
  128   0.026950   0.019560   0.019810   0.019690   0.020280   0.019400   0.020550   0.020530   0.020100   0.020630     0.020750
   64   0.013880   0.013480   0.014010   0.013170   0.013460   0.013190   0.013370   0.013660   0.013950   0.012760     0.013493
   32   0.028170   0.026940   0.025780   0.025380   0.026380   0.026990   0.028180   0.029640   0.029910   0.030480     0.027785
   16   0.034790   0.031990   0.039800   0.040880   0.037150   0.033690   0.038520   0.032550   0.037530   0.040950     0.036785
    8   0.027780   0.028040   0.025010   0.024850   0.028330   0.025750   0.025210   0.028670   0.031530   0.029910     0.027508
    4   0.021070   0.023990   0.021570   0.023450   0.024010   0.018760   0.021980   0.021640   0.023500   0.023490     0.022346
    2   0.021440   0.023510   0.005560   0.025700   0.027610   0.022360   0.014370   0.026160   0.017900   0.026380     0.021099
    1   0.000120   0.000120   0.000120   0.000130   0.000120   0.000120   0.000120   0.000120   0.000120   0.000130     0.000122