Time: 20230528_114812 
Machine: perlmutter
Resolution: 512x512
Horizontal cells: 262144
Run duration: ['00', '10', '00']
Run time in sec: 600
cores per node:  32
Format: #Procs|Sample Halo times|Average 
 4096   0.036530   0.026190   0.026590   0.037030   0.034420   0.027670   0.027110   0.040670   0.027000   0.026480     0.030969
 2048   0.043750   0.046280   0.047580   0.043240   0.063770   0.045720   0.046230   0.045910   0.042480   0.045620     0.047058
 1024   0.127050   0.126620   0.125260   0.126020   0.123060   0.134820   0.151110   0.135160   0.167040   0.131320     0.134746
  512   0.292320   0.294860   0.289290   0.298170   0.290490   0.295980   0.283630   0.291430   0.291390   0.300390     0.292795
  256   0.301000   0.355550   0.365450   0.353830   0.324900   0.350820   0.311650   0.353920   0.325580   0.339770     0.338247
  128   0.647410   0.621740   0.656650   0.597990   0.716380   0.613590   0.616910   0.610190   0.615310   0.652250     0.634842
   64   0.964350   1.168460   1.156150   1.026930   1.000020   1.132570   1.021260   0.900550   1.091740   1.033660     1.049569
   32   1.877970   1.676800   1.613160   1.506850   1.786070   1.636170   1.770710   1.659590   1.651840   1.558290     1.673745
   16   0.996990   1.170270   1.156840   0.960070   1.090370   0.960950   1.319870   1.144810   1.030470   1.020960     1.085160
    8   2.145730   2.074770   2.266640   2.000450   2.241760   1.828250   1.983670   1.468780   2.097740   2.447400     2.055519
    4   1.502000   1.404970   1.533510   1.358520   1.680030   1.704240   1.628230   1.784760   1.786330   1.440340     1.582293
    2   1.313420   1.450920   1.375000   1.261450   0.909300   1.071850   1.241850   1.674660   1.099780   1.024970     1.242320
    1   0.000160   0.000160   0.000160   0.000160   0.000160   0.000150   0.000170   0.000150   0.000160   0.000170     0.000160
