Time: 20230619_113656 
Machine: perlmutter
Resolution: 16x16
Horizontal cells: 256
Run duration: ['00', '10', '00']
Run time in sec: 600
 cores per node:  64
Format: #Procs|Sample Run times|Average 
   64   0.008000   0.007500   0.007820   0.007760   0.007800   0.007800   0.007530   0.007570   0.007690   0.007740     0.007721
   32   0.008460   0.008510   0.008630   0.008950   0.008470   0.008290   0.008480   0.008610   0.008610   0.008450     0.008546
   16   0.008790   0.008830   0.009040   0.008820   0.008920   0.008670   0.008890   0.008850   0.008830   0.008720     0.008836
    8   0.011290   0.011390   0.011280   0.011230   0.011290   0.011430   0.011390   0.011780   0.011320   0.011450     0.011385
    4   0.016260   0.016440   0.015900   0.016290   0.015970   0.016150   0.015410   0.015980   0.016020   0.016160     0.016058
    2   0.022330   0.023750   0.023410   0.024290   0.023700   0.023740   0.023460   0.023490   0.024140   0.024160     0.023647
    1   0.038920   0.038860   0.038310   0.039430   0.038330   0.038340   0.038800   0.038570   0.038210   0.038460     0.038623
