Time: 20230528_121104 
Machine: perlmutter
Resolution: 32x32
Horizontal cells: 1024
Run duration: ['00', '10', '00']
Run time in sec: 600
cores per node:  32
Format: #Procs|Sample Halo times|Average 
  256   0.011280   0.007290   0.006760   0.006960   0.007150   0.006880   0.006830   0.006820   0.008360   0.006890     0.007522
  128   0.008470   0.008450   0.008930   0.008470   0.008460   0.008510   0.008560   0.008510   0.008670   0.008550     0.008558
   64   0.011660   0.011920   0.011540   0.011760   0.011400   0.011490   0.011850   0.011790   0.011500   0.011780     0.011669
   32   0.009330   0.009730   0.009710   0.009790   0.009860   0.009540   0.009760   0.010560   0.009510   0.011000     0.009879
   16   0.007490   0.007110   0.008370   0.008500   0.008230   0.008560   0.007820   0.008050   0.007700   0.007290     0.007912
    8   0.008250   0.010630   0.009150   0.011430   0.010030   0.009980   0.010240   0.009740   0.013250   0.009230     0.010193
    4   0.014540   0.013490   0.012930   0.014300   0.013200   0.012370   0.027270   0.013570   0.013830   0.012720     0.014822
    2   0.007440   0.008350   0.006480   0.007910   0.005470   0.006310   0.007980   0.007640   0.008220   0.007360     0.007316
    1   0.000080   0.000090   0.000070   0.000080   0.000070   0.000080   0.000070   0.000080   0.000070   0.000080     0.000077
