Time: 20230528_113427 
Machine: perlmutter
Resolution: 256x256
Horizontal cells: 65536
Run duration: ['00', '10', '00']
Run time in sec: 600
cores per node:  32
Format: #Procs|Sample Halo times|Average 
 4096   0.035990   0.022580   0.022550   0.021450   0.021510   0.021390   0.021390   0.021440   0.022100   0.021640     0.023204
 2048   0.020010   0.035290   0.021290   0.020070   0.021390   0.019180   0.019460   0.019670   0.019500   0.020280     0.021614
 1024   0.016490   0.016400   0.017200   0.021220   0.015930   0.016330   0.015900   0.015850   0.017010   0.016130     0.016846
  512   0.042160   0.044140   0.046470   0.044020   0.048240   0.044440   0.044980   0.047800   0.044040   0.044970     0.045126
  256   0.118030   0.113840   0.116530   0.111260   0.117690   0.111670   0.105300   0.118620   0.098820   0.121810     0.113357
  128   0.298700   0.297540   0.280270   0.302040   0.284940   0.282010   0.277830   0.290080   0.298480   0.283220     0.289511
   64   0.311050   0.270000   0.275210   0.277280   0.276220   0.282270   0.267180   0.272970   0.279860   0.294360     0.280640
   32   0.477540   0.335150   0.244660   0.434840   0.365410   0.266690   0.401520   0.434960   0.285760   0.450990     0.369752
   16   0.459360   0.430190   0.443670   0.373380   0.438360   0.404010   0.378320   0.430520   0.488570   0.426540     0.427292
    8   0.520530   0.534250   0.491740   0.487470   0.515960   0.506890   0.295010   0.506920   0.485110   0.516860     0.486074
    4   0.434470   0.436040   0.351910   0.448250   0.454010   0.481800   0.436160   0.411570   0.505660   0.424820     0.438469
    2   0.449710   0.287750   0.375100   0.288420   0.594790   0.484520   0.277040   0.260150   0.463690   0.385190     0.386636
    1   0.000150   0.000140   0.000140   0.000140   0.000140   0.000140   0.000150   0.000140   0.000140   0.000140     0.000142
