Time: 20230528_112819 
Machine: perlmutter
Resolution: 128x128
Horizontal cells: 16384
Run duration: ['00', '10', '00']
Run time in sec: 600
cores per node:  32
Format: #Procs|Sample Halo times|Average 
 4096   0.035060   0.008170   0.008180   0.008300   0.008090   0.008340   0.008210   0.008370   0.008830   0.008480     0.011003
 2048   0.010100   0.010200   0.010040   0.010370   0.010060   0.010400   0.010170   0.010330   0.010340   0.015480     0.010749
 1024   0.013180   0.013340   0.013030   0.017260   0.013530   0.013410   0.013430   0.013460   0.014060   0.017180     0.014188
  512   0.017560   0.017380   0.017260   0.018730   0.017910   0.019830   0.017540   0.019270   0.018400   0.017610     0.018149
  256   0.014210   0.014800   0.014360   0.014180   0.014560   0.014970   0.015080   0.015550   0.014030   0.014900     0.014664
  128   0.044490   0.044990   0.045160   0.042430   0.044890   0.044230   0.041470   0.043100   0.047440   0.043410     0.044161
   64   0.074800   0.079110   0.071620   0.080770   0.075650   0.077630   0.076670   0.079920   0.075890   0.081830     0.077389
   32   0.100700   0.096470   0.087770   0.097990   0.095210   0.086410   0.080240   0.091790   0.110240   0.094680     0.094150
   16   0.091300   0.090180   0.089180   0.087760   0.110900   0.092150   0.087050   0.082950   0.105590   0.086820     0.092388
    8   0.135740   0.123030   0.131720   0.139260   0.126800   0.110260   0.125870   0.129890   0.124580   0.135840     0.128299
    4   0.061620   0.062970   0.063370   0.069020   0.059970   0.059390   0.086540   0.065180   0.052270   0.058310     0.063864
    2   0.102220   0.101490   0.098860   0.105430   0.090760   0.103840   0.108030   0.107450   0.098390   0.087930     0.100440
    1   0.000140   0.000140   0.000130   0.000130   0.000140   0.000140   0.000130   0.000130   0.000140   0.000140     0.000136
