Time: 20230528_121104 
Machine: perlmutter
Resolution: 32x32
Horizontal cells: 1024
Run duration: ['00', '10', '00']
Run time in sec: 600
 cores per node:  32
Format: #Procs|Sample Run times|Average 
  256   0.012160   0.008010   0.007770   0.007940   0.008050   0.007800   0.007810   0.007610   0.008590   0.007940     0.008368
  128   0.010030   0.009890   0.010240   0.009870   0.009960   0.009900   0.009930   0.009930   0.010040   0.010040     0.009983
   64   0.013710   0.013800   0.013540   0.013650   0.013820   0.013680   0.013590   0.013700   0.013750   0.013610     0.013685
   32   0.018890   0.018950   0.019070   0.019300   0.019380   0.018870   0.018870   0.019870   0.018950   0.019790     0.019194
   16   0.023570   0.022400   0.023490   0.023110   0.023060   0.023230   0.022960   0.023230   0.023050   0.022610     0.023071
    8   0.038320   0.038810   0.039280   0.040830   0.038870   0.039250   0.039630   0.038510   0.039400   0.038810     0.039171
    4   0.060920   0.061060   0.060250   0.060650   0.059140   0.058780   0.070170   0.059830   0.060530   0.058890     0.061022
    2   0.090580   0.091220   0.089550   0.091180   0.088580   0.089330   0.091150   0.090760   0.091350   0.090540     0.090424
    1   0.161010   0.168370   0.159610   0.156180   0.158960   0.160950   0.154950   0.155120   0.155160   0.157530     0.158784