Time: 20230528_112819 
Machine: perlmutter
Resolution: 128x128
Horizontal cells: 16384
Run duration: ['00', '10', '00']
Run time in sec: 600
 cores per node:  32
Format: #Procs|Sample Run times|Average 
 4096   0.023170   0.008630   0.008580   0.008720   0.008650   0.008780   0.008690   0.008620   0.008610   0.008590     0.010104
 2048   0.011180   0.011220   0.011250   0.011440   0.011220   0.011250   0.011070   0.011280   0.011390   0.013480     0.011478
 1024   0.015380   0.015570   0.015270   0.017010   0.015330   0.015260   0.015380   0.015400   0.015720   0.017180     0.015750
  512   0.022730   0.022560   0.022700   0.023480   0.022450   0.023600   0.022930   0.023480   0.023410   0.022790     0.023013
  256   0.028770   0.029060   0.029230   0.028840   0.029130   0.029260   0.029610   0.029050   0.029060   0.029320     0.029133
  128   0.071240   0.071810   0.070860   0.070470   0.070960   0.071500   0.070710   0.069970   0.070720   0.070520     0.070876
   64   0.176850   0.178260   0.175570   0.177610   0.178740   0.178070   0.175440   0.178790   0.176870   0.179760     0.177596
   32   0.398590   0.398450   0.397100   0.400570   0.398250   0.400320   0.399680   0.398860   0.397760   0.395030     0.398461
   16   0.790370   0.795870   0.798970   0.792270   0.798640   0.795370   0.793020   0.798340   0.793800   0.791530     0.794818
    8   0.877110   0.873310   0.879860   0.869020   0.875870   0.879310   0.875040   0.881730   0.874200   0.875290     0.876074
    4   1.002060   1.005620   1.002110   1.006340   1.004570   1.013810   1.005380   1.001770   1.008500   1.004480     1.005464
    2   1.567170   1.567720   1.569840   1.570890   1.554970   1.567650   1.578520   1.563690   1.566340   1.544270     1.565106
    1   2.913810   2.918790   2.915340   2.893540   2.934190   2.911580   2.834260   2.814960   2.829800   2.839330     2.880560
