Time: 20230528_114812 
Machine: perlmutter
Resolution: 512x512
Horizontal cells: 262144
Run duration: ['00', '10', '00']
Run time in sec: 600
 cores per node:  32
Format: #Procs|Sample Run times|Average 
 4096   0.043500   0.037800   0.038000   0.041940   0.039770   0.037970   0.037440   0.043290   0.037990   0.038090     0.039579
 2048   0.072460   0.072530   0.072620   0.071010   0.079120   0.072600   0.071800   0.073440   0.072860   0.071800     0.073024
 1024   0.178270   0.178670   0.179590   0.178620   0.178870   0.177890   0.189880   0.179010   0.195600   0.177900     0.181430
  512   0.402970   0.401200   0.401900   0.404820   0.401620   0.403600   0.403260   0.403660   0.403140   0.401910     0.402808
  256   0.815160   0.818380   0.813970   0.814440   0.813270   0.818020   0.818770   0.818180   0.810830   0.812350     0.815337
  128   1.637920   1.638900   1.640640   1.632660   1.634400   1.619350   1.627820   1.626730   1.635590   1.627480     1.632149
   64   3.213990   3.232770   3.216160   3.213780   3.206900   3.236220   3.225770   3.203310   3.247690   3.218330     3.221492
   32   6.364550   6.338480   6.386710   6.370610   6.350240   6.379450   6.358730   6.363180   6.355340   6.395170     6.366246
   16  13.369590  13.315130  13.362150  13.293080  13.362600  13.376070  13.327870  13.389710  13.357230  13.355900    13.350933
    8  14.231580  14.237630  14.246560  14.328590  14.232590  14.318180  14.297970  14.362350  14.243260  14.344140    14.284285
    4  16.481150  16.303570  16.334320  16.353150  16.367080  16.449720  16.429710  16.508730  16.351310  16.324700    16.390344
    2  25.418610  25.760860  25.809160  25.697320  25.417600  25.497800  25.670550  25.820490  25.582590  25.439560    25.611454
    1  46.125180  46.834360  45.749360  45.612520  46.778650  45.759720  45.378220  46.437150  45.809880  45.529000    46.001404
