Time: 20230528_121636 
Machine: perlmutter
Resolution: 64x64
Horizontal cells: 4096
Run duration: ['00', '10', '00']
Run time in sec: 600
 cores per node:  32
Format: #Procs|Sample Run times|Average 
  256   0.023570   0.014660   0.014510   0.014560   0.014460   0.014700   0.014490   0.014720   0.014780   0.014580     0.015503
  128   0.026810   0.022580   0.022350   0.022530   0.022380   0.022300   0.022570   0.022540   0.022400   0.022630     0.022909
   64   0.028600   0.028280   0.028460   0.028130   0.028180   0.028650   0.028210   0.028440   0.028620   0.027830     0.028340
   32   0.066780   0.067580   0.066320   0.066690   0.066540   0.067890   0.067710   0.067660   0.066720   0.067670     0.067156
   16   0.168010   0.169210   0.166930   0.168410   0.168140   0.167420   0.168090   0.168150   0.169030   0.167090     0.168048
    8   0.207080   0.207320   0.206770   0.208820   0.209720   0.206470   0.207180   0.206200   0.206540   0.205940     0.207204
    4   0.249020   0.248990   0.249730   0.250020   0.249640   0.246660   0.248110   0.248960   0.249120   0.250210     0.249046
    2   0.379780   0.383450   0.371950   0.381500   0.386190   0.380720   0.388880   0.385200   0.379370   0.387560     0.382460
    1   0.694360   0.677400   0.693400   0.687860   0.691650   0.691560   0.693640   0.689900   0.693850   0.691840     0.690546