Time: 20230528_113427 
Machine: perlmutter
Resolution: 256x256
Horizontal cells: 65536
Run duration: ['00', '10', '00']
Run time in sec: 600
 cores per node:  32
Format: #Procs|Sample Run times|Average 
 4096   0.029620   0.021010   0.021570   0.021090   0.022040   0.021870   0.021930   0.021150   0.021040   0.021890     0.022321
 2048   0.024000   0.031810   0.024710   0.024040   0.024780   0.023830   0.024020   0.024100   0.024140   0.024440     0.024987
 1024   0.029800   0.030060   0.030050   0.031840   0.029470   0.030080   0.029880   0.029530   0.029670   0.029490     0.029987
  512   0.071010   0.072340   0.073410   0.070990   0.070890   0.070440   0.072360   0.071310   0.071660   0.073090     0.071750
  256   0.176130   0.178940   0.177430   0.177780   0.178450   0.177850   0.178660   0.175990   0.176860   0.177180     0.177527
  128   0.403640   0.404190   0.402430   0.401510   0.402180   0.401590   0.403480   0.399940   0.402310   0.402920     0.402419
   64   0.814740   0.814590   0.811480   0.819100   0.816800   0.814950   0.813180   0.811240   0.814020   0.819640     0.814974
   32   1.619390   1.619370   1.616090   1.627150   1.621510   1.622590   1.621050   1.622230   1.631760   1.626820     1.622796
   16   3.179100   3.181000   3.170520   3.188350   3.184090   3.219130   3.174290   3.175430   3.196300   3.215140     3.188335
    8   3.405200   3.409360   3.426130   3.419510   3.425250   3.414860   3.411740   3.411560   3.436180   3.445810     3.420560
    4   4.110420   4.109380   4.088290   4.096590   4.091430   4.108530   4.114010   4.093190   4.138010   4.094620     4.104447
    2   6.432390   6.418960   6.452760   6.488620   6.567030   6.492710   6.348560   6.480920   6.460530   6.435520     6.457800
    1  11.627370  11.306000  11.284170  11.339440  11.410740  11.314710  11.552830  11.584250  11.638060  11.599730    11.465730
