Time: 20230624_111104 
Machine: perlmutter
Resolution: 128x128_block
Horizontal cells: 16384
Run duration: ['00', '10', '00']
Run time in sec: 600
cores per node:  64
Format: #Procs|Sample Halo times|Average 
  256   0.024370   0.025820   0.023320   0.027880   0.030580   0.032910   0.028800   0.022540   0.027480   0.025730     0.026943
  128   0.049880   0.058900   0.074530   0.041710   0.055630   0.059140   0.085190   0.032870   0.067130   0.057130     0.058211
   64   0.082080   0.086850   0.128420   0.076260   0.085120   0.068170   0.070340   0.087710   0.126730   0.104350     0.091603
   32   0.089210   0.084430   0.148720   0.102580   0.199280   0.096870   0.071110   0.061840   0.150750   0.097550     0.110234
   16   0.061340   0.125420   0.138810   0.127010   0.056500   0.149410   0.060940   0.114210   0.074880   0.047310     0.095583
    8   0.035940   0.030870   0.088490   0.051420   0.057800   0.035170   0.049150   0.086430   0.088860   0.072810     0.059694
    4   0.057830   0.039680   0.052820   0.041490   0.064720   0.050060   0.036310   0.029320   0.033630   0.031500     0.043736
    2   0.010390   0.009150   0.007990   0.008960   0.010390   0.009670   0.012350   0.008880   0.008440   0.011190     0.009741
    1   0.000140   0.000280   0.000280   0.000130   0.000150   0.000160   0.000170   0.000280   0.000150   0.000160     0.000190
