Time: 20230624_130622 
Machine: perlmutter
Resolution: 128x128
Horizontal cells: 16384
Run duration: ['00', '10', '00']
Run time in sec: 600
cores per node:  64
Format: #Procs|Sample Halo times|Average 
 4096   0.012060   0.012160   0.011850   0.011560   0.011710   0.011570   0.011790   0.011810   0.011790   0.011810     0.011811
 2048   0.012540   0.013740   0.012360   0.012970   0.012480   0.013170   0.012900   0.012560   0.013190   0.012840     0.012875
 1024   0.013830   0.014790   0.014470   0.015290   0.013380   0.015300   0.014760   0.015120   0.015140   0.015010     0.014709
  512   0.019640   0.024860   0.026790   0.022140   0.021930   0.020010   0.024060   0.022620   0.019060   0.018000     0.021911
  256   0.026000   0.022360   0.029240   0.026100   0.026540   0.023770   0.024470   0.020250   0.020950   0.036990     0.025667
  128   0.062590   0.033770   0.048960   0.052440   0.026900   0.040590   0.068640   0.069390   0.069010   0.057900     0.053019
   64   0.148840   0.074700   0.078160   0.120850   0.107940   0.088380   0.098970   0.126890   0.128030   0.078560     0.105132
