Time: 20230624_085103 
Machine: perlmutter
Resolution: 128x128
Horizontal cells: 16384
Run duration: ['00', '10', '00']
Run time in sec: 600
cores per node:  32
Format: #Procs|Sample Halo times|Average 
 4096   0.008220   0.007900   0.007730   0.007840   0.008020   0.007930   0.008400   0.008420   0.007930   0.008200     0.008059
 2048   0.009940   0.010160   0.010510   0.010870   0.010330   0.011010   0.010850   0.011110   0.010950   0.010210     0.010594
 1024   0.013720   0.015340   0.011920   0.012660   0.013110   0.011290   0.014060   0.013380   0.011590   0.012880     0.012995
  512   0.018030   0.016380   0.014770   0.019070   0.016860   0.018350   0.016220   0.020240   0.011540   0.021350     0.017281
  256   0.023290   0.014340   0.023240   0.019900   0.013160   0.018690   0.015900   0.014620   0.022880   0.014620     0.018064
  128   0.030130   0.022110   0.031220   0.018040   0.031140   0.037140   0.055870   0.016370   0.030980   0.014030     0.028703
   64   0.079720   0.059640   0.085060   0.057220   0.084150   0.045980   0.042860   0.057850   0.093880   0.071370     0.067773
