Time: 20230624_130622 
Machine: perlmutter
Resolution: 128x128
Horizontal cells: 16384
Run duration: ['00', '10', '00']
Run time in sec: 600
 cores per node:  64
Format: #Procs|Sample Run times|Average 
 4096   0.015130   0.015220   0.014920   0.014630   0.014810   0.014630   0.014900   0.014890   0.014880   0.014870     0.014888
 2048   0.017190   0.018490   0.017150   0.017750   0.017410   0.017950   0.017680   0.017390   0.018180   0.017760     0.017695
 1024   0.021040   0.022030   0.021800   0.022760   0.020480   0.022580   0.021860   0.022310   0.022380   0.022130     0.021937
  512   0.031360   0.036580   0.038600   0.033840   0.033420   0.031740   0.036210   0.035120   0.030610   0.029230     0.033671
  256   0.043740   0.039870   0.047010   0.044060   0.043920   0.041230   0.042200   0.037110   0.038230   0.055370     0.043274
  128   0.101250   0.065780   0.081560   0.087960   0.060800   0.073960   0.104190   0.105480   0.105650   0.093790     0.088042
   64   0.244610   0.162120   0.151660   0.213130   0.178790   0.171950   0.173300   0.204270   0.204610   0.159230     0.186367
