Time: 20230624_085103 
Machine: perlmutter
Resolution: 128x128
Horizontal cells: 16384
Run duration: ['00', '10', '00']
Run time in sec: 600
 cores per node:  32
Format: #Procs|Sample Run times|Average 
 4096   0.011000   0.010680   0.010510   0.010610   0.010800   0.010710   0.011190   0.011200   0.010710   0.010990     0.010840
 2048   0.014310   0.014490   0.014910   0.015260   0.014680   0.015410   0.015210   0.015480   0.015340   0.014550     0.014964
 1024   0.020440   0.022060   0.018650   0.019400   0.019800   0.017920   0.020780   0.020070   0.018270   0.019580     0.019697
  512   0.028900   0.027190   0.025480   0.029980   0.027710   0.029120   0.026970   0.030910   0.022140   0.032150     0.028055
  256   0.039280   0.030420   0.039730   0.035950   0.029300   0.034860   0.032040   0.030770   0.038960   0.030820     0.034213
  128   0.060360   0.053100   0.062170   0.047080   0.061110   0.068710   0.088480   0.044660   0.061510   0.042930     0.059011
   64   0.152510   0.123650   0.147230   0.120350   0.156400   0.104180   0.101260   0.118660   0.165340   0.134390     0.132397
