Time: 20230624_111104 
Machine: perlmutter
Resolution: 128x128_block
Horizontal cells: 16384
Run duration: ['00', '10', '00']
Run time in sec: 600
 cores per node:  64
Format: #Procs|Sample Run times|Average 
  256   0.041740   0.043680   0.040960   0.045480   0.049240   0.051910   0.046360   0.039580   0.045340   0.044170     0.044846
  128   0.086130   0.093980   0.111480   0.075550   0.092000   0.092820   0.124140   0.064940   0.105310   0.090830     0.093718
   64   0.162700   0.168100   0.207610   0.159700   0.170890   0.143400   0.147020   0.181310   0.207550   0.182650     0.173093
   32   0.224540   0.212960   0.294660   0.244790   0.357230   0.277340   0.203830   0.194730   0.327930   0.237800     0.257581
   16   0.278440   0.425370   0.398340   0.381500   0.283480   0.420590   0.275570   0.373100   0.297640   0.248160     0.338219
    8   0.405360   0.398840   0.553380   0.463400   0.435400   0.421070   0.424410   0.509670   0.478870   0.459330     0.454973
    4   0.780950   0.755130   0.793020   0.802600   0.785640   0.800580   0.751810   0.732450   0.748610   0.744320     0.769511
    2   1.467790   1.396110   1.391300   1.466190   1.392340   1.467730   1.397290   1.391460   1.390960   1.468680     1.422985
    1   2.826610   2.827330   2.834590   2.841670   2.845330   2.836010   2.828850   2.818670   2.833980   2.826460     2.831950
