Time: 20230624_144925 
Machine: perlmutter
Resolution: 64x64
Horizontal cells: 4096
Run duration: ['00', '10', '00']
Run time in sec: 600
cores per node:  64
Format: #Procs|Sample Halo times|Average 
   64   0.023790   0.028540   0.021430   0.027930   0.025030   0.023370   0.024180   0.023790   0.024970   0.023660     0.024669
   32   0.011550   0.012090   0.011880   0.025320   0.044400   0.018270   0.036590   0.014020   0.046050   0.018090     0.023826
   16   0.024080   0.015570   0.014220   0.014870   0.020130   0.013720   0.021840   0.018890   0.019850   0.022390     0.018556
    8   0.018300   0.014090   0.017690   0.017800   0.015490   0.018870   0.016640   0.025440   0.012490   0.012300     0.016911
    4   0.011630   0.015300   0.016070   0.013420   0.013250   0.018810   0.014120   0.019330   0.014440   0.014130     0.015050
    2   0.003500   0.003100   0.003640   0.003080   0.003430   0.003110   0.003050   0.003870   0.003380   0.003670     0.003383
    1   0.000130   0.000270   0.000140   0.000150   0.000130   0.000270   0.000150   0.000130   0.000270   0.000260     0.000190
