Time: 20230624_144925 
Machine: perlmutter
Resolution: 64x64
Horizontal cells: 4096
Run duration: ['00', '10', '00']
Run time in sec: 600
 cores per node:  64
Format: #Procs|Sample Run times|Average 
   64   0.042650   0.050490   0.040050   0.048960   0.043150   0.044020   0.042070   0.045030   0.045400   0.041700     0.044352
   32   0.042670   0.042030   0.042310   0.055970   0.079570   0.048360   0.066750   0.045430   0.080570   0.048210     0.055187
   16   0.080410   0.067830   0.069070   0.065490   0.072110   0.066200   0.075120   0.071940   0.073720   0.076990     0.071888
    8   0.107680   0.105560   0.114120   0.106460   0.107020   0.111070   0.112200   0.123450   0.103050   0.098290     0.108890
    4   0.212550   0.184260   0.195100   0.183190   0.191440   0.189420   0.183570   0.190460   0.184530   0.183760     0.189828
    2   0.344410   0.333880   0.342390   0.332850   0.333860   0.334340   0.332790   0.334340   0.334190   0.339280     0.336233
    1   0.681500   0.677620   0.687030   0.678570   0.682830   0.677740   0.685170   0.680660   0.677010   0.678200     0.680633
