Time: 20230624_144958 
Machine: perlmutter
Resolution: 32x32_block
Horizontal cells: 1024
Run duration: ['00', '10', '00']
Run time in sec: 600
cores per node:  64
Format: #Procs|Sample Halo times|Average 
   64   0.011910   0.027040   0.034620   0.025990   0.023250   0.033120   0.034150   0.017460   0.028060   0.024610     0.026021
   32   0.009450   0.011950   0.028660   0.034050   0.010860   0.012740   0.011590   0.043270   0.010950   0.009850     0.018337
   16   0.011990   0.009610   0.016770   0.009680   0.007790   0.008820   0.010400   0.010180   0.010730   0.010440     0.010641
    8   0.010510   0.010890   0.009850   0.009350   0.006670   0.009750   0.008300   0.007860   0.012560   0.007790     0.009353
    4   0.011920   0.014890   0.014310   0.014170   0.009050   0.008320   0.014690   0.011510   0.012810   0.009220     0.012089
    2   0.002160   0.001790   0.001730   0.002200   0.003020   0.001830   0.001870   0.003590   0.001940   0.003430     0.002356
    1   0.000100   0.000120   0.000110   0.000090   0.000120   0.000090   0.000080   0.000110   0.000110   0.000100     0.000103
