Time: 20230627_114114 
Machine: perlmutter
Resolution: 32x32_block
Horizontal cells: 1024
Run duration: ['00', '10', '00']
Run time in sec: 600
cores per node:  64
Format: #Procs|Sample Halo times|Average 
   64   0.011620   0.011520   0.012600   0.015210   0.011730   0.011960   0.014620   0.014840   0.011460   0.013730     0.012929
   32   0.006640   0.006210   0.005330   0.011830   0.017980   0.006030   0.013860   0.005820   0.005160   0.016490     0.009535
   16   0.003620   0.004160   0.004330   0.007760   0.004150   0.008300   0.004760   0.004190   0.004780   0.004500     0.005055
    8   0.008410   0.007490   0.008910   0.004730   0.006920   0.007430   0.008900   0.007710   0.004660   0.004120     0.006928
    4   0.007150   0.014190   0.012530   0.010000   0.007000   0.009760   0.007580   0.006310   0.008620   0.005550     0.008869
    2   0.001510   0.001440   0.001420   0.001390   0.001530   0.001310   0.003490   0.001400   0.001410   0.001620     0.001652
    1   0.000080   0.000120   0.000080   0.000090   0.000090   0.000090   0.000080   0.000080   0.000070   0.000070     0.000085
