Time: 20230627_114114 
Machine: perlmutter
Resolution: 32x32_block
Horizontal cells: 1024
Run duration: ['00', '10', '00']
Run time in sec: 600
 cores per node:  64
Format: #Procs|Sample Run times|Average 
   64   0.019160   0.019250   0.019790   0.023240   0.020350   0.019750   0.023770   0.022610   0.018480   0.021900     0.020830
   32   0.017350   0.017110   0.015940   0.022850   0.030280   0.016730   0.024920   0.016410   0.015790   0.028390     0.020577
   16   0.018870   0.019480   0.019570   0.023400   0.019690   0.023870   0.020300   0.019440   0.020270   0.020080     0.020497
    8   0.034030   0.032420   0.035660   0.030520   0.032210   0.034830   0.034550   0.032930   0.030830   0.029780     0.032776
    4   0.051430   0.060920   0.057800   0.056890   0.053130   0.056060   0.052640   0.052320   0.053660   0.050570     0.054542
    2   0.081750   0.081720   0.082010   0.081980   0.082110   0.081540   0.086630   0.081960   0.081770   0.082260     0.082373
    1   0.156700   0.159040   0.159600   0.156080   0.156300   0.160520   0.155900   0.155450   0.155110   0.154930     0.156963
