Time: 20230624_144958 
Machine: perlmutter
Resolution: 32x32_block
Horizontal cells: 1024
Run duration: ['00', '10', '00']
Run time in sec: 600
 cores per node:  64
Format: #Procs|Sample Run times|Average 
   64   0.013580   0.022730   0.028050   0.024580   0.021480   0.029350   0.026440   0.018830   0.023910   0.022590     0.023154
   32   0.017350   0.018660   0.029940   0.030360   0.017790   0.018710   0.019030   0.036590   0.017820   0.017130     0.022338
   16   0.025000   0.020730   0.026830   0.021380   0.021140   0.023280   0.022920   0.022970   0.023980   0.023910     0.023214
    8   0.032370   0.034210   0.032870   0.032210   0.031760   0.032870   0.032440   0.030010   0.035370   0.030520     0.032463
    4   0.053950   0.056950   0.056470   0.056840   0.051980   0.050420   0.056860   0.056170   0.054940   0.051520     0.054610
    2   0.082250   0.082180   0.082110   0.082380   0.084490   0.082370   0.082430   0.084180   0.082020   0.084500     0.082891
    1   0.155990   0.157450   0.157200   0.156430   0.156080   0.157290   0.156280   0.156650   0.155770   0.156860     0.156600
