Time: 20221223_080436 
Machine: cori-haswell
Resolution: 512x512
Horizontal cells: 262144
Run duration: ['00', '10', '00']
Run time in sec: 600
 cores per node:  32
Format: #Procs|Sample Run time|Average 
 2048   0.084800   0.084810   0.085610   0.084460   0.084770   0.085320   0.084910   0.101590   0.084730   0.084900   0.085160   0.086470     0.086461
 1024   0.172250   0.169570   0.169760   0.169890   0.194940   0.171000   0.169840   0.173070   0.171580   0.172960   0.219410   0.170390     0.177055
  512   0.340730   0.340260   0.338070   0.338160   0.341220   0.338420   0.341030   0.342640   0.340720   0.339230   0.341220   0.342170     0.340323
  256   0.658690   0.661340   0.658440   0.664140   0.666980   0.664790   0.661730   0.658580   0.668370   0.664670   0.667870   0.663110     0.663226
  128   1.258680   1.268310   1.279950   1.261390   1.269410   1.264610   1.262900   1.271110   1.271700   1.266150   1.283950   1.264750     1.268576
   64   2.456110   2.459290   2.458070   2.469590   2.459560   2.457530   2.451240   2.464980   2.448360   2.453190   2.457420   2.461010     2.458029
   32   4.795450   4.813420   4.832250   4.822200   4.800830   4.836960   4.846560   4.756980   4.822980   4.820080   4.862290   4.838820     4.820735
   16  10.206910  10.251430  10.240620  10.232580  10.222980  10.239270  10.238090  10.226570  10.267660  10.222590  10.222030  10.222810    10.232795
    8  14.240600  14.240990  14.184350  14.230180  14.253760  14.226950  14.264390  14.220930  14.189140  14.298930  14.257090  14.218390    14.235475
    4  22.819780  22.698250  22.898860  22.847200  22.884330  22.676200  22.831800  22.853530  22.586260  22.822060  23.088680  22.969140    22.831341
    2  40.565700  40.316290  41.020130  41.060830  40.445320  40.474920  40.823420  40.773530  40.651180  40.675880  40.435350  40.587490    40.652503

