Time: 20230528_124024 
Machine: perlmutter
Resolution: 32x32
Horizontal cells: 1024
Run duration: ['00', '10', '00']
Run time in sec: 600
cores per node:  64
Format: #Procs|Sample Halo times|Average 
   64   0.013570   0.013710   0.014140   0.013610   0.013630   0.013930   0.013840   0.014350   0.013640   0.015160     0.013958
   32   0.009640   0.010030   0.010670   0.009330   0.010130   0.009680   0.009590   0.009630   0.010120   0.009780     0.009860
   16   0.009010   0.007620   0.007850   0.007910   0.008530   0.008750   0.007710   0.007150   0.008660   0.007620     0.008081
    8   0.010330   0.011030   0.011680   0.010360   0.010030   0.007060   0.009440   0.011850   0.009420   0.012450     0.010365
    4   0.014680   0.013410   0.015570   0.013560   0.012980   0.005290   0.012130   0.015000   0.011900   0.011060     0.012558
    2   0.006480   0.008390   0.006830   0.006120   0.006090   0.006100   0.007540   0.005680   0.006760   0.006670     0.006666
    1   0.000080   0.000070   0.000070   0.000080   0.000080   0.000070   0.000070   0.000070   0.000080   0.000070     0.000074
