Time: 20230528_124024 
Machine: perlmutter
Resolution: 64x64
Horizontal cells: 4096
Run duration: ['00', '10', '00']
Run time in sec: 600
cores per node:  64
Format: #Procs|Sample Halo times|Average 
   64   0.010000   0.016040   0.016020   0.016790   0.014700   0.016620   0.015900   0.015670   0.016340   0.015150     0.015323
   32   0.027660   0.028980   0.026310   0.027090   0.027190   0.026590   0.026010   0.024130   0.027910   0.026180     0.026805
   16   0.034390   0.040010   0.038010   0.034260   0.037140   0.036760   0.036340   0.036090   0.038770   0.038990     0.037076
    8   0.026850   0.026490   0.028730   0.026170   0.022920   0.026160   0.025610   0.026670   0.027700   0.028250     0.026555
    4   0.024660   0.025040   0.019900   0.023200   0.025140   0.019740   0.022640   0.020740   0.020310   0.008930     0.021030
    2   0.023240   0.023180   0.021900   0.024290   0.024900   0.021700   0.021410   0.027280   0.024030   0.025380     0.023731
    1   0.000120   0.000120   0.000120   0.000130   0.000120   0.000120   0.000130   0.000130   0.000120   0.000120     0.000123
