Time: 20230528_124118 
Machine: perlmutter
Resolution: 128x128
Horizontal cells: 16384
Run duration: ['00', '10', '00']
Run time in sec: 600
cores per node:  64
Format: #Procs|Sample Halo times|Average 
   64   0.074290   0.077700   0.076870   0.070260   0.076490   0.072800   0.068840   0.067570   0.074320   0.072890     0.073203
   32   0.088980   0.088050   0.086260   0.093020   0.084460   0.093080   0.080970   0.090460   0.079870   0.093450     0.087860
   16   0.101200   0.093120   0.097690   0.121580   0.098100   0.090730   0.098790   0.089070   0.099250   0.086070     0.097560
    8   0.138440   0.130350   0.122550   0.093970   0.142120   0.129360   0.133580   0.141930   0.120370   0.127660     0.128033
    4   0.059310   0.057040   0.062250   0.059530   0.061930   0.058560   0.057610   0.058620   0.066630   0.061380     0.060286
    2   0.100700   0.101780   0.083700   0.078390   0.085500   0.079020   0.058830   0.080430   0.078130   0.081000     0.082748
    1   0.000140   0.000140   0.000150   0.000140   0.000140   0.000140   0.000130   0.000140   0.000140   0.000140     0.000140
