Time: 20230528_090126 
Machine: perlmutter
Resolution: 512x512
Horizontal cells: 262144
Run duration: ['00', '10', '00']
Run time in sec: 600
cores per node:  64
Format: #Procs|Sample Halo times|Average 
 4096   0.049230   0.031020   0.040630   0.040300   0.030040   0.030090   0.030610   0.029840   0.031720   0.037060     0.035054
 2048   0.039500   0.043350   0.041440   0.044080   0.043880   0.044890   0.043390   0.045780   0.043290   0.045100     0.043470
 1024   0.097840   0.116150   0.105540   0.105490   0.112270   0.100180   0.111710   0.118610   0.113800   0.116530     0.109812
  512   0.277750   0.244710   0.253430   0.248960   0.247460   0.263290   0.262650   0.273170   0.248840   0.242130     0.256239
  256   0.222530   0.251910   0.303800   0.251780   0.266010   0.217660   0.229330   0.262110   0.247090   0.271590     0.252381
  128   0.586980   0.574800   0.602670   0.511580   0.650490   0.593240   0.639450   0.619900   0.536520   0.659100     0.597473
   64   0.999490   0.907400   0.960780   0.959480   0.996730   1.021900   1.025750   1.038620   1.002900   0.915140     0.982819
