Time: 20230528_124122 
Machine: perlmutter
Resolution: 256x256
Horizontal cells: 65536
Run duration: ['00', '10', '00']
Run time in sec: 600
 cores per node:  64
Format: #Procs|Sample Run times|Average 
   64   0.832590   0.838040   0.829040   0.824280   0.815840   0.824020   0.831270   0.831580   0.827130   0.831140     0.828493
   32   1.625820   1.626230   1.629780   1.630410   1.621290   1.620670   1.632220   1.627200   1.624840   1.633010     1.627147
   16   3.173060   3.158280   3.175170   3.177240   3.175650   3.170610   3.166980   3.166610   3.178300   3.208170     3.175007
    8   3.410570   3.406380   3.412850   3.411350   3.405620   3.425430   3.414680   3.402090   3.415030   3.430850     3.413485
    4   4.125830   4.108900   4.110520   4.119500   4.149000   4.128130   4.105250   4.085690   4.119090   4.087830     4.113974
    2   6.346830   6.450580   6.365860   6.341530   6.467480   6.378690   6.444200   6.500100   6.527290   6.423100     6.424566
    1  11.284530  11.622150  11.637480  11.629570  11.301540  11.301190  11.285210  11.327530  11.324170  11.340700    11.405407
