Time: 20230528_124122 
Machine: perlmutter
Resolution: 256x256
Horizontal cells: 65536
Run duration: ['00', '10', '00']
Run time in sec: 600
cores per node:  64
Format: #Procs|Sample Halo times|Average 
   64   0.326790   0.319950   0.275370   0.297340   0.311490   0.271710   0.288880   0.295630   0.286660   0.276160     0.294998
   32   0.461440   0.511140   0.469950   0.529980   0.405140   0.463840   0.444600   0.513990   0.435440   0.474170     0.470969
   16   0.422380   0.430800   0.452340   0.393190   0.433600   0.458250   0.518430   0.393630   0.464490   0.402140     0.436925
    8   0.509240   0.525940   0.510450   0.494000   0.494280   0.466670   0.480080   0.516880   0.515490   0.560750     0.507378
    4   0.491530   0.519760   0.525920   0.504560   0.556640   0.518840   0.469230   0.426930   0.484510   0.446350     0.494427
    2   0.323710   0.486670   0.276660   0.319760   0.442050   0.386950   0.364500   0.316730   0.546720   0.446200     0.390995
    1   0.000140   0.000150   0.000150   0.000150   0.000140   0.000140   0.000140   0.000140   0.000140   0.000140     0.000143
