Time: 20230619_113656 
Machine: perlmutter
Resolution: 16x16
Horizontal cells: 256
Run duration: ['00', '10', '00']
Run time in sec: 600
cores per node:  64
Format: #Procs|Sample Halo times|Average 
   64   0.007130   0.006460   0.007120   0.006960   0.007010   0.007060   0.006590   0.006540   0.006900   0.007120     0.006889
   32   0.006550   0.006140   0.006990   0.007170   0.006470   0.006330   0.006770   0.006850   0.006880   0.006500     0.006665
   16   0.003670   0.003660   0.003770   0.003870   0.003690   0.003730   0.003680   0.003780   0.003720   0.003640     0.003721
    8   0.003790   0.004020   0.003900   0.003140   0.003990   0.004110   0.003150   0.003980   0.003790   0.003440     0.003731
    4   0.002980   0.002650   0.002680   0.002600   0.002830   0.002860   0.001810   0.002750   0.002690   0.002880     0.002673
    2   0.001150   0.002770   0.002380   0.003330   0.002730   0.002770   0.002480   0.002500   0.002970   0.003120     0.002620
    1   0.000050   0.000050   0.000050   0.000050   0.000060   0.000050   0.000050   0.000050   0.000050   0.000050     0.000051
