Time: 20230528_124024 
Machine: perlmutter
Resolution: 32x32
Horizontal cells: 1024
Run duration: ['00', '10', '00']
Run time in sec: 600
 cores per node:  64
Format: #Procs|Sample Run times|Average 
   64   0.016190   0.016190   0.016400   0.016570   0.016240   0.016340   0.016460   0.016270   0.016490   0.016590     0.016374
   32   0.019710   0.019440   0.019580   0.019160   0.019240   0.019480   0.019510   0.019500   0.019110   0.019670     0.019440
   16   0.023460   0.022880   0.022820   0.022740   0.023330   0.023400   0.022770   0.022940   0.023160   0.023110     0.023061
    8   0.039150   0.039120   0.039880   0.039130   0.039500   0.038740   0.039020   0.039550   0.038830   0.040810     0.039373
    4   0.060540   0.059600   0.061780   0.060060   0.059260   0.054590   0.058890   0.061740   0.058050   0.057620     0.059213
    2   0.089260   0.091270   0.089930   0.088960   0.089090   0.089120   0.090430   0.088620   0.089520   0.092100     0.089830
    1   0.158760   0.158640   0.155240   0.159050   0.159490   0.156230   0.155240   0.157240   0.157190   0.155540     0.157262
