Time: 20230528_124024 
Machine: perlmutter
Resolution: 64x64
Horizontal cells: 4096
Run duration: ['00', '10', '00']
Run time in sec: 600
 cores per node:  64
Format: #Procs|Sample Run times|Average 
   64   0.036010   0.034140   0.034610   0.034460   0.033840   0.034700   0.034180   0.034390   0.035030   0.034320     0.034568
   32   0.066220   0.068330   0.066360   0.067470   0.066270   0.067570   0.066040   0.066250   0.067400   0.066390     0.066830
   16   0.166440   0.167940   0.168030   0.169490   0.168030   0.168860   0.166650   0.167980   0.167500   0.168220     0.167914
    8   0.207410   0.206740   0.207460   0.209080   0.208260   0.208130   0.207060   0.208700   0.208240   0.206970     0.207805
    4   0.248090   0.251740   0.248400   0.249480   0.249340   0.249870   0.250120   0.248820   0.248110   0.245270     0.248924
    2   0.380150   0.382640   0.381830   0.382400   0.382340   0.380860   0.379680   0.384260   0.381960   0.382100     0.381822
    1   0.693670   0.686280   0.674030   0.689170   0.691030   0.690090   0.692480   0.675540   0.691840   0.679470     0.686360
