Time: 20230528_090126 
Machine: perlmutter
Resolution: 512x512
Horizontal cells: 262144
Run duration: ['00', '10', '00']
Run time in sec: 600
 cores per node:  64
Format: #Procs|Sample Run times|Average 
 4096   0.054980   0.043900   0.048710   0.046410   0.043560   0.043430   0.044020   0.043300   0.043300   0.046170     0.045778
 2048   0.078060   0.078750   0.079030   0.077850   0.079240   0.078380   0.078250   0.077600   0.078190   0.078640     0.078399
 1024   0.186170   0.190110   0.186670   0.186450   0.184590   0.187880   0.188920   0.188600   0.185880   0.186950     0.187222
  512   0.412780   0.405420   0.408860   0.406330   0.412000   0.409740   0.407930   0.408980   0.409620   0.411150     0.409281
  256   0.811550   0.814930   0.817340   0.817320   0.816510   0.814660   0.821740   0.811940   0.815300   0.809330     0.815062
  128   1.634960   1.637250   1.641250   1.643280   1.627650   1.634560   1.632630   1.635410   1.634550   1.645460     1.636700
   64   3.257300   3.324640   3.241480   3.255200   3.233850   3.239330   3.275390   3.258910   3.255290   3.270240     3.261163
