Time: 20230528_124118 
Machine: perlmutter
Resolution: 128x128
Horizontal cells: 16384
Run duration: ['00', '10', '00']
Run time in sec: 600
 cores per node:  64
Format: #Procs|Sample Run times|Average 
   64   0.187930   0.187070   0.187260   0.189040   0.186570   0.189490   0.189350   0.185640   0.186630   0.189520     0.187850
   32   0.402660   0.398920   0.398550   0.398450   0.399070   0.401380   0.400130   0.396080   0.398000   0.395300     0.398854
   16   0.800920   0.795600   0.798900   0.798020   0.798810   0.798870   0.798050   0.794880   0.797250   0.793800     0.797510
    8   0.875020   0.876880   0.881280   0.877510   0.876470   0.874890   0.875960   0.877640   0.879200   0.879790     0.877464
    4   1.003590   1.008150   1.006810   1.007780   1.006590   1.007900   1.010010   1.008710   1.007870   1.008040     1.007545
    2   1.567240   1.565820   1.548880   1.546490   1.542260   1.544230   1.536920   1.539090   1.546620   1.536700     1.547425
    1   2.849630   2.816980   2.841410   2.817790   2.828120   2.829590   2.828140   2.823160   2.830340   2.813880     2.827904
