Time: 20221223_073949 
Machine: cori-haswell
Resolution: 256x256
Horizontal cells: 65536
Run duration: ['00', '10', '00']
Run time in sec: 600
 cores per node:  32
Format: #Procs|Sample Run time|Average 
 2048   0.036850   0.036950   0.036960   0.037050   0.037260   0.037190   0.037420   0.037360   0.036960   0.036860   0.037250   0.037070     0.037098
 1024   0.043620   0.043550   0.043250   0.043060   0.043280   0.043250   0.044020   0.043100   0.043510   0.043560   0.043870   0.043810     0.043490
  512   0.084070   0.084940   0.084740   0.086440   0.088050   0.091280   0.085070   0.084360   0.085060   0.088210   0.084980   0.084520     0.085977
  256   0.170880   0.169840   0.170340   0.168110   0.169350   0.167560   0.169390   0.168670   0.171400   0.168720   0.169800   0.171890     0.169663
  128   0.338010   0.339110   0.342310   0.345540   0.336360   0.339200   0.336410   0.337390   0.339080   0.336630   0.336780   0.338590     0.338784
   64   0.660650   0.667100   0.660670   0.658470   0.658050   0.707330   0.658650   0.658210   0.668330   0.658260   0.711180   0.658710     0.668801
   32   1.268470   1.265450   1.265140   1.269260   1.270450   1.260440   1.270010   1.260530   1.259710   1.260810   1.267070   1.268720     1.265505
   16   2.418310   2.423210   2.423220   2.461470   2.420210   2.435440   2.423960   2.428550   2.419540   2.426760   2.432030   2.426050     2.428229
    8   3.328390   3.282720   3.277530   3.288610   3.300140   3.276870   3.275390   3.290890   3.268150   3.312810   3.264870   3.258840     3.285434
    4   5.744430   5.715200   5.708140   5.739330   5.735420   5.782980   5.701990   5.745210   5.736540   5.836630   5.747260   5.730030     5.743597
    2  10.141840  10.125270  10.162730  10.127660  10.141790  10.248900  10.184090  10.236820  10.319010  10.216560  10.176030  10.213800    10.191208

