Time: 20221223_080436 
Machine: cori-haswell
Resolution: 512x512
Horizontal cells: 262144
Run duration: ['00', '10', '00']
Run time in sec: 600
cores per node:  32
Format: #Procs|Sample Run time|Average 
 2048   0.029450   0.030470   0.028940   0.028760   0.028950   0.029520   0.028530   0.060690   0.030080   0.030140   0.030140   0.032350     0.032335
 1024   0.059140   0.056490   0.055070   0.054430   0.102910   0.059860   0.054070   0.058820   0.057120   0.057630   0.152850   0.055530     0.068660
  512   0.097900   0.100130   0.098650   0.112650   0.099430   0.101950   0.093180   0.105800   0.096200   0.113080   0.113860   0.101690     0.102877
  256   0.193060   0.168230   0.186150   0.199050   0.202340   0.231870   0.185530   0.183540   0.171400   0.186580   0.208210   0.203240     0.193267
  128   0.312010   0.289910   0.329850   0.210960   0.307510   0.296710   0.242910   0.327400   0.305760   0.305460   0.323590   0.277830     0.294158
   64   0.385980   0.396840   0.442990   0.433300   0.325180   0.367350   0.395130   0.402840   0.418770   0.365380   0.457690   0.355750     0.395600
   32   0.560360   0.487280   0.505840   0.454630   0.800820   0.463180   0.702670   0.660640   0.528090   0.526400   0.739270   0.686080     0.592938
   16   0.512370   0.412270   0.390970   0.631550   0.629800   0.469980   0.482650   0.513170   0.548690   0.516120   0.509460   0.414590     0.502635
    8   0.536700   0.537650   0.509500   0.575250   0.520310   0.564990   0.580680   0.562710   0.423000   0.568540   0.535100   0.622630     0.544755
    4   0.672000   0.423460   0.712070   0.565650   0.577700   0.400540   0.589790   0.566100   0.290220   0.562310   1.062110   0.804310     0.602188
    2   0.402440   0.095480   0.862870   0.825140   0.231020   0.174010   0.566940   0.447700   0.337650   0.240470   0.222510   0.304840     0.392589

