Time: 20230627_120758 
Machine: perlmutter
Resolution: 16x16_block
Horizontal cells: 256
Run duration: ['00', '10', '00']
Run time in sec: 600
cores per node:  64
Format: #Procs|Sample Halo times|Average 
   64   0.007040   0.007150   0.007820   0.006000   0.008050   0.005550   0.007020   0.006360   0.006310   0.006130     0.006743
   32   0.005880   0.003530   0.007100   0.007600   0.012430   0.005570   0.008040   0.009970   0.008320   0.007030     0.007547
   16   0.005390   0.004330   0.008980   0.002310   0.002570   0.004460   0.002910   0.004390   0.004400   0.002520     0.004226
    8   0.004300   0.005490   0.005230   0.006520   0.005360   0.004080   0.007020   0.005310   0.002650   0.005090     0.005105
    4   0.002780   0.004390   0.002900   0.003240   0.003150   0.003240   0.002120   0.003230   0.003840   0.003590     0.003248
    2   0.001370   0.001040   0.001100   0.001070   0.001060   0.000840   0.001110   0.001030   0.001150   0.000820     0.001059
    1   0.000050   0.000050   0.000050   0.000050   0.000050   0.000050   0.000050   0.000050   0.000050   0.000050     0.000050
