Time: 20230624_145035 
Machine: perlmutter
Resolution: 16x16_block
Horizontal cells: 256
Run duration: ['00', '10', '00']
Run time in sec: 600
cores per node:  64
Format: #Procs|Sample Halo times|Average 
   64   0.014050   0.016650   0.006930   0.015780   0.013500   0.014410   0.017170   0.016960   0.018720   0.014180     0.014835
   32   0.016130   0.013890   0.006560   0.017020   0.014120   0.012570   0.017220   0.013390   0.019310   0.015170     0.014538
   16   0.006200   0.005610   0.014420   0.008410   0.003640   0.019860   0.003440   0.005520   0.004790   0.009140     0.008103
    8   0.006050   0.006830   0.007570   0.004920   0.004790   0.004800   0.006180   0.006050   0.005460   0.004590     0.005724
    4   0.003660   0.003370   0.003960   0.002020   0.005070   0.005100   0.004210   0.002460   0.004880   0.003120     0.003785
    2   0.001820   0.001670   0.001700   0.001580   0.001380   0.001680   0.001380   0.001240   0.001720   0.001640     0.001581
    1   0.000050   0.000050   0.000040   0.000050   0.000050   0.000050   0.000050   0.000050   0.000050   0.000050     0.000049
