Time: 20230624_145035 
Machine: perlmutter
Resolution: 16x16_block
Horizontal cells: 256
Run duration: ['00', '10', '00']
Run time in sec: 600
 cores per node:  64
Format: #Procs|Sample Run times|Average 
   64   0.011950   0.012630   0.007200   0.012160   0.013420   0.011010   0.012620   0.014960   0.016450   0.011930     0.012433
   32   0.014920   0.013140   0.008310   0.014080   0.012490   0.011820   0.014510   0.011770   0.014890   0.012530     0.012846
   16   0.010460   0.010200   0.014400   0.011670   0.008380   0.017590   0.008160   0.009700   0.009250   0.011260     0.011107
    8   0.013110   0.014670   0.014030   0.012440   0.012780   0.012390   0.013180   0.013330   0.012770   0.012180     0.013088
    4   0.016410   0.016780   0.016860   0.015300   0.018030   0.017830   0.016940   0.015800   0.017730   0.016360     0.016804
    2   0.023430   0.023400   0.023540   0.023290   0.022460   0.022670   0.022380   0.023040   0.023530   0.022670     0.023041
    1   0.038200   0.038880   0.038330   0.038400   0.038120   0.038950   0.039440   0.038450   0.038700   0.040380     0.038785
