Time: 20230627_120758 
Machine: perlmutter
Resolution: 16x16_block
Horizontal cells: 256
Run duration: ['00', '10', '00']
Run time in sec: 600
 cores per node:  64
Format: #Procs|Sample Run times|Average 
   64   0.010130   0.010970   0.011100   0.009720   0.011450   0.008970   0.010220   0.009680   0.009530   0.009390     0.010116
   32   0.009960   0.007510   0.011350   0.011770   0.017150   0.009880   0.012210   0.014620   0.013250   0.011210     0.011891
   16   0.011230   0.009820   0.015050   0.007830   0.008190   0.010040   0.008450   0.010030   0.009970   0.008010     0.009862
    8   0.012390   0.013700   0.014290   0.014930   0.013940   0.012380   0.016150   0.014300   0.010990   0.013630     0.013670
    4   0.015870   0.018050   0.016010   0.016320   0.016780   0.016410   0.016650   0.016410   0.017220   0.016630     0.016635
    2   0.024270   0.022360   0.022460   0.022320   0.022510   0.023230   0.022520   0.022300   0.022600   0.022180     0.022675
    1   0.038240   0.038400   0.038350   0.038290   0.038850   0.038370   0.038210   0.038440   0.038340   0.038380     0.038387
