Time: 20230624_111329 
Machine: perlmutter
Resolution: 1256x256_block
Horizontal cells: 65536
Run duration: ['00', '10', '00']
Run time in sec: 600
cores per node:  64
Format: #Procs|Sample Halo times|Average 
  256   0.072920   0.090020   0.169990   0.118670   0.125400   0.137780   0.091890   0.111020   0.092170   0.110210     0.112007
  128   0.194100   0.189980   0.303590   0.241700   0.319880   0.157730   0.322780   0.209850   0.205060   0.234750     0.237942
   64   0.244500   0.644810   0.476640   0.390710   0.266920   0.288450   0.650400   0.603240   0.695700   0.366040     0.462741
   32   0.212530   0.412280   0.307210   0.188690   0.302420   0.169020   0.385670   0.308110   0.207790   0.570150     0.306387
   16   0.395970   0.125420   0.439090   0.215930   0.502740   0.390870   0.293160   0.368610   0.249000   0.184000     0.316479
    8   0.156220   0.227890   0.161310   0.142320   0.238170   0.154170   0.118620   0.345980   0.398460   0.164250     0.210739
    4   0.322760   0.122170   0.157020   0.164320   0.085060   0.175530   0.163670   0.131090   0.082780   0.196130     0.160053
    2   0.037580   0.057560   0.057470   0.016410   0.084480   0.012970   0.044690   0.021180   0.028710   0.146290     0.050734
    1   0.000290   0.000300   0.000260   0.000340   0.000330   0.000330   0.000210   0.000280   0.000340   0.000290     0.000297
