Time: 20230624_132644 
Machine: perlmutter
Resolution: 256x256
Horizontal cells: 65536
Run duration: ['00', '10', '00']
Run time in sec: 600
cores per node:  64
Format: #Procs|Sample Halo times|Average 
 4096   0.015260   0.015370   0.018300   0.017000   0.017850   0.017800   0.014170   0.018020   0.019160   0.018050     0.017098
 2048   0.024430   0.018100   0.020550   0.022880   0.020370   0.027610   0.024700   0.018800   0.024410   0.021840     0.022369
 1024   0.032970   0.027430   0.028500   0.032610   0.026310   0.032940   0.033630   0.025580   0.025760   0.030030     0.029576
  512   0.040320   0.038610   0.043430   0.047010   0.041970   0.053540   0.058100   0.037370   0.029580   0.035500     0.042543
  256   0.128800   0.146040   0.102540   0.106890   0.127690   0.076820   0.150810   0.088880   0.078430   0.063710     0.107061
  128   0.203690   0.217800   0.290040   0.201640   0.262880   0.205910   0.212690   0.241780   0.133180   0.256640     0.222625
   64   0.463160   0.316070   0.477260   0.345740   0.608160   0.303240   0.492960   0.406010   0.352730   0.372420     0.413775
