Time: 20230624_085312 
Machine: perlmutter
Resolution: 256x256
Horizontal cells: 65536
Run duration: ['00', '10', '00']
Run time in sec: 600
cores per node:  32
Format: #Procs|Sample Halo times|Average 
 4096   0.013370   0.013000   0.012440   0.013840   0.013830   0.013500   0.014640   0.013250   0.014010   0.013520     0.013540
 2048   0.018580   0.017980   0.016270   0.016230   0.018700   0.022070   0.019600   0.018010   0.017700   0.018410     0.018355
 1024   0.020750   0.016170   0.024790   0.016800   0.019390   0.013210   0.017710   0.020890   0.014560   0.023130     0.018740
  512   0.029070   0.035670   0.053650   0.028380   0.024490   0.038680   0.027430   0.026720   0.027050   0.023620     0.031476
  256   0.080950   0.072950   0.063270   0.078450   0.044840   0.073280   0.036420   0.066840   0.045760   0.053110     0.061587
  128   0.141470   0.083170   0.138570   0.125280   0.071910   0.126010   0.135060   0.101750   0.046880   0.100180     0.107028
   64   0.150090   0.281310   0.285220   0.320290   0.217260   0.233310   0.285310   0.208330   0.172910   0.129960     0.228399
