Time: 20230624_111329 
Machine: perlmutter
Resolution: 1256x256_block
Horizontal cells: 65536
Run duration: ['00', '10', '00']
Run time in sec: 600
 cores per node:  64
Format: #Procs|Sample Run times|Average 
  256   0.141660   0.161240   0.241190   0.192740   0.191770   0.204440   0.162870   0.177060   0.163690   0.183310     0.181997
  128   0.346710   0.366170   0.462490   0.387670   0.466240   0.314210   0.484720   0.367760   0.374600   0.421080     0.399165
   64   0.629330   1.045790   0.832940   0.776900   0.657950   0.733910   1.039230   1.007420   1.111020   0.766540     0.860103
   32   0.752360   1.196890   0.941750   0.742490   1.027130   0.709300   1.117390   0.938760   0.749450   1.273760     0.944928
   16   1.502660   0.924530   1.503700   1.248820   1.600830   1.409100   1.250050   1.392820   1.163710   1.057550     1.305377
    8   1.673150   1.938060   1.691090   1.647880   1.872950   1.679960   1.632880   2.193100   2.103860   1.818450     1.825138
    4   3.451940   3.129840   3.167780   3.244330   3.008290   3.145430   3.608710   3.104650   3.052510   3.205180     3.211866
    2   5.708020   5.782020   5.786090   6.064280   6.136020   5.682140   5.737410   5.698140   6.045810   6.195640     5.883557
    1  11.275420  11.340110  11.347860  11.345640  11.283120  11.273490  11.341700  11.291670  11.285760  11.306400    11.309117
