Time: 20230624_132644 
Machine: perlmutter
Resolution: 256x256
Horizontal cells: 65536
Run duration: ['00', '10', '00']
Run time in sec: 600
 cores per node:  64
Format: #Procs|Sample Run times|Average 
 4096   0.022450   0.022550   0.025850   0.024320   0.025260   0.025190   0.021340   0.025430   0.026600   0.025370     0.024436
 2048   0.036000   0.029550   0.032050   0.034330   0.031780   0.039360   0.036390   0.030320   0.036050   0.033500     0.033933
 1024   0.051110   0.045300   0.046230   0.050170   0.043950   0.050620   0.051240   0.043070   0.043270   0.048300     0.047326
  512   0.072240   0.071070   0.075410   0.078490   0.073830   0.085720   0.090320   0.069520   0.061260   0.068670     0.074653
  256   0.194750   0.212780   0.173380   0.179150   0.195640   0.150680   0.220280   0.160950   0.147120   0.138380     0.177311
  128   0.367100   0.356340   0.447860   0.353100   0.420490   0.362670   0.373520   0.392490   0.281920   0.411230     0.376672
   64   0.841230   0.754910   0.836010   0.761670   1.089360   0.733600   0.971630   0.846940   0.778400   0.766520     0.838027
