Time: 20230624_085312 
Machine: perlmutter
Resolution: 256x256
Horizontal cells: 65536
Run duration: ['00', '10', '00']
Run time in sec: 600
 cores per node:  32
Format: #Procs|Sample Run times|Average 
 4096   0.020030   0.019660   0.019080   0.020510   0.020500   0.020160   0.021310   0.019910   0.020660   0.020180     0.020200
 2048   0.029240   0.028650   0.026950   0.026920   0.029370   0.032730   0.030210   0.028710   0.028470   0.029130     0.029038
 1024   0.036810   0.032240   0.040850   0.032820   0.035370   0.029180   0.033730   0.036930   0.030600   0.039220     0.034775
  512   0.058180   0.064990   0.083050   0.057670   0.053510   0.068460   0.056390   0.055810   0.056170   0.052250     0.060648
  256   0.139340   0.130910   0.120550   0.135000   0.102090   0.131570   0.093220   0.124390   0.102310   0.110530     0.118991
  128   0.265100   0.199390   0.255900   0.252590   0.188280   0.242530   0.254960   0.222360   0.166440   0.220910     0.226846
   64   0.409070   0.543500   0.573300   0.587860   0.469230   0.519820   0.561830   0.456850   0.431020   0.374710     0.492719
